SURVEY: DES   
SNID:   99799   
IAUC:    UNKNOWN 
SNTYPE:  1 
FILTERS: griz 
RA:      0.500000  deg 
DECL:    -43.000000  deg 
FAKE:    3   (=> BLIND-TEST simulation) 
MWEBV:   0.0111    MW E(B-V) 
REDSHIFT_SPEC:     0.3069 +-  0.0050  
 
HOST_GALAXY_GALID:   13609 
HOST_GALAXY_PHOTO-Z:   0.3030  +- 0.0425  




# ============================================ 
# TERSE LIGHT CURVE OUTPUT: 
#
NOBS: 8 
NVAR: 5 
VARLIST:  MJD  FLT FIELD   FLUXCAL   FLUXCALERR   
OBS:  56305.043  g NULL   5.377e-01   2.878e+00  
OBS:  56305.051  r NULL   1.584e+01   2.209e+00  
OBS:  56305.055  i NULL   2.548e+01   3.099e+00  
OBS:  56305.070  z NULL   1.530e+01   3.679e+00  
OBS:  56317.035  g NULL   1.259e+02   1.508e+01  
OBS:  56317.043  r NULL   1.846e+02   7.135e+00  
OBS:  56317.051  i NULL   2.138e+02   8.014e+00  
OBS:  56318.035  z NULL   1.268e+02   1.367e+01  
END: 
