SURVEY: DES   
SNID:   110855   
IAUC:    UNKNOWN 
SNTYPE:  1 
FILTERS: griz 
RA:      48.000000  deg 
DECL:    0.000000  deg 
FAKE:    3   (=> BLIND-TEST simulation) 
MWEBV:   0.0713    MW E(B-V) 
REDSHIFT_SPEC:     0.3842 +-  0.0050  
 
HOST_GALAXY_GALID:   16974 
HOST_GALAXY_PHOTO-Z:   0.3853  +- 0.0326  




# ============================================ 
# TERSE LIGHT CURVE OUTPUT: 
#
NOBS: 8 
NVAR: 5 
VARLIST:  MJD  FLT FIELD   FLUXCAL   FLUXCALERR   
OBS:  56345.039  g NULL   1.871e+01   7.182e+00  
OBS:  56345.055  r NULL   4.856e+01   3.908e+00  
OBS:  56346.055  i NULL   5.110e+01   6.078e+00  
OBS:  56348.027  z NULL   6.959e+01   5.198e+00  
OBS:  56350.023  g NULL   4.568e+01   6.964e+00  
OBS:  56350.027  r NULL   8.661e+01   4.314e+00  
OBS:  56350.035  i NULL   6.668e+01   6.822e+00  
OBS:  56351.023  z NULL   7.229e+01   6.258e+00  
END: 
