SURVEY: DES   
SNID:   91712   
IAUC:    UNKNOWN 
SNTYPE:  -9 
FILTERS: griz 
RA:      34.500000  deg 
DECL:    -5.500000  deg 
FAKE:    3   (=> BLIND-TEST simulation) 
MWEBV:   0.0227    MW E(B-V) 
REDSHIFT_SPEC:    -9.0000 +-  9.0000  
 
HOST_GALAXY_GALID:   14745 
HOST_GALAXY_PHOTO-Z:   0.3079  +- 0.0369  




# ============================================ 
# TERSE LIGHT CURVE OUTPUT: 
#
NOBS: 7 
NVAR: 5 
VARLIST:  MJD  FLT FIELD   FLUXCAL   FLUXCALERR   
OBS:  56344.992  g NULL   7.827e+00   4.336e+00  
OBS:  56345.000  r NULL   2.141e+01   1.911e+00  
OBS:  56345.016  i NULL   2.592e+01   3.489e+00  
OBS:  56345.992  z NULL   3.803e+01   3.769e+00  
OBS:  56349.996  g NULL   4.555e+01   4.086e+00  
OBS:  56350.004  r NULL   7.055e+01   2.466e+00  
OBS:  56350.996  i NULL   1.058e+02   3.625e+00  
END: 
