SURVEY: DES   
SNID:   169155   
IAUC:    UNKNOWN 
SNTYPE:  -9 
FILTERS: griz 
RA:      34.500000  deg 
DECL:    -5.500000  deg 
FAKE:    3   (=> BLIND-TEST simulation) 
MWEBV:   0.0227    MW E(B-V) 
REDSHIFT_SPEC:    -9.0000 +-  9.0000  
 
HOST_GALAXY_GALID:   11119 
HOST_GALAXY_PHOTO-Z:   0.5320  +- 0.0452  




# ============================================ 
# TERSE LIGHT CURVE OUTPUT: 
#
NOBS: 7 
NVAR: 5 
VARLIST:  MJD  FLT FIELD   FLUXCAL   FLUXCALERR   
OBS:  56344.992  g NULL   2.529e+00   4.332e+00  
OBS:  56345.000  r NULL   1.725e+01   1.895e+00  
OBS:  56345.016  i NULL   1.604e+01   3.467e+00  
OBS:  56345.992  z NULL   1.531e+01   3.711e+00  
OBS:  56349.996  g NULL   2.231e+01   4.002e+00  
OBS:  56350.004  r NULL   4.044e+01   2.207e+00  
OBS:  56350.996  i NULL   4.844e+01   3.164e+00  
END: 
