SURVEY: DES   
SNID:   189152   
IAUC:    UNKNOWN 
SNTYPE:  -9 
FILTERS: griz 
RA:      34.500000  deg 
DECL:    -5.500000  deg 
FAKE:    3   (=> BLIND-TEST simulation) 
MWEBV:   0.0227    MW E(B-V) 
REDSHIFT_SPEC:    -9.0000 +-  9.0000  
 
HOST_GALAXY_GALID:   13789 
HOST_GALAXY_PHOTO-Z:   0.4384  +- 0.0208  




# ============================================ 
# TERSE LIGHT CURVE OUTPUT: 
#
NOBS: 7 
NVAR: 5 
VARLIST:  MJD  FLT FIELD   FLUXCAL   FLUXCALERR   
OBS:  56344.992  g NULL   4.164e+01   4.426e+00  
OBS:  56345.000  r NULL   4.749e+01   2.077e+00  
OBS:  56345.016  i NULL   4.675e+01   3.567e+00  
OBS:  56345.992  z NULL   4.005e+01   3.776e+00  
OBS:  56349.996  g NULL   6.878e+01   4.220e+00  
OBS:  56350.004  r NULL   4.946e+01   2.272e+00  
DETECTION:  6 MJDs satisfy g+r+i+z 
OBS:  56350.996  i NULL   5.333e+01   3.192e+00  
END: 
