SURVEY: DES   
SNID:   116688   
IAUC:    UNKNOWN 
SNTYPE:  -9 
FILTERS: griz 
RA:      34.500000  deg 
DECL:    -5.500000  deg 
FAKE:    3   (=> BLIND-TEST simulation) 
MWEBV:   0.0227    MW E(B-V) 
REDSHIFT_SPEC:    -9.0000 +-  9.0000  
 
HOST_GALAXY_GALID:   11477 
HOST_GALAXY_PHOTO-Z:   0.2957  +- 0.0344  




# ============================================ 
# TERSE LIGHT CURVE OUTPUT: 
#
NOBS: 7 
NVAR: 5 
VARLIST:  MJD  FLT FIELD   FLUXCAL   FLUXCALERR   
OBS:  56344.992  g NULL   2.101e+01   4.359e+00  
OBS:  56345.000  r NULL   2.494e+01   1.928e+00  
OBS:  56345.016  i NULL   1.924e+01   3.474e+00  
OBS:  56345.992  z NULL   3.013e+01   3.743e+00  
OBS:  56349.996  g NULL   1.002e+02   4.460e+00  
OBS:  56350.004  r NULL   1.120e+02   2.959e+00  
DETECTION:  6 MJDs satisfy g+r+i+z 
OBS:  56350.996  i NULL   1.253e+02   3.838e+00  
END: 
