SURVEY: DES   
SNID:   158860   
IAUC:    UNKNOWN 
SNTYPE:  1 
FILTERS: griz 
RA:      48.000000  deg 
DECL:    0.000000  deg 
FAKE:    3   (=> BLIND-TEST simulation) 
MWEBV:   0.0713    MW E(B-V) 
REDSHIFT_SPEC:     0.4254 +-  0.0050  
 
HOST_GALAXY_GALID:   14232 
HOST_GALAXY_PHOTO-Z:   0.3915  +- 0.0222  




# ============================================ 
# TERSE LIGHT CURVE OUTPUT: 
#
NOBS: 8 
NVAR: 5 
VARLIST:  MJD  FLT FIELD   FLUXCAL   FLUXCALERR   
OBS:  56345.039  g NULL   1.100e+01   7.151e+00  
OBS:  56345.055  r NULL   1.930e+01   3.802e+00  
OBS:  56346.055  i NULL   2.460e+01   6.013e+00  
OBS:  56348.027  z NULL   3.075e+01   5.059e+00  
OBS:  56350.023  g NULL   3.217e+01   6.887e+00  
OBS:  56350.027  r NULL   5.733e+01   4.114e+00  
OBS:  56350.035  i NULL   3.979e+01   6.741e+00  
OBS:  56351.023  z NULL   5.223e+01   6.182e+00  
END: 
