SURVEY: DES   
SNID:   118986   
IAUC:    UNKNOWN 
SNTYPE:  -9 
FILTERS: griz 
RA:      36.750000  deg 
DECL:    -4.500000  deg 
FAKE:    3   (=> BLIND-TEST simulation) 
MWEBV:   0.0283    MW E(B-V) 
REDSHIFT_SPEC:    -9.0000 +-  9.0000  
 
HOST_GALAXY_GALID:   16120 
HOST_GALAXY_PHOTO-Z:   0.3556  +- 0.0326  




# ============================================ 
# TERSE LIGHT CURVE OUTPUT: 
#
NOBS: 8 
NVAR: 5 
VARLIST:  MJD  FLT FIELD   FLUXCAL   FLUXCALERR   
OBS:  56336.043  r NULL   2.558e+01   3.135e+00  
OBS:  56336.055  i NULL   2.311e+01   5.036e+00  
OBS:  56337.043  z NULL   2.786e+01   4.078e+00  
OBS:  56338.043  g NULL   2.545e+01   3.649e+00  
OBS:  56347.996  r NULL   1.827e+02   4.332e+00  
OBS:  56348.004  i NULL   1.716e+02   5.897e+00  
OBS:  56348.008  z NULL   1.244e+02   6.978e+00  
OBS:  56348.996  g NULL   1.311e+02   6.264e+00  
END: 
