SURVEY: DES   
SNID:   149693   
IAUC:    UNKNOWN 
SNTYPE:  -9 
FILTERS: griz 
RA:      48.000000  deg 
DECL:    0.000000  deg 
FAKE:    3   (=> BLIND-TEST simulation) 
MWEBV:   0.0713    MW E(B-V) 
REDSHIFT_SPEC:    -9.0000 +-  9.0000  
 
HOST_GALAXY_GALID:   18094 
HOST_GALAXY_PHOTO-Z:   0.1114  +- 0.0297  




# ============================================ 
# TERSE LIGHT CURVE OUTPUT: 
#
NOBS: 8 
NVAR: 5 
VARLIST:  MJD  FLT FIELD   FLUXCAL   FLUXCALERR   
OBS:  56345.039  g NULL   1.098e+01   7.167e+00  
OBS:  56345.055  r NULL   3.142e+01   3.836e+00  
OBS:  56346.055  i NULL   4.277e+01   6.056e+00  
OBS:  56348.027  z NULL   2.682e+01   5.049e+00  
OBS:  56350.023  g NULL   1.234e+02   7.379e+00  
OBS:  56350.027  r NULL   7.159e+01   4.204e+00  
OBS:  56350.035  i NULL   8.196e+01   6.884e+00  
OBS:  56351.023  z NULL   3.542e+01   6.138e+00  
END: 
