SURVEY: DES   
SNID:   27027   
IAUC:    UNKNOWN 
SNTYPE:  21 
FILTERS: griz 
RA:      34.500000  deg 
DECL:    -5.500000  deg 
FAKE:    3   (=> BLIND-TEST simulation) 
MWEBV:   0.0227    MW E(B-V) 
REDSHIFT_SPEC:     0.4692 +-  0.0050  
 
HOST_GALAXY_GALID:   16430 
HOST_GALAXY_PHOTO-Z:   0.4748  +- 0.0266  




# ============================================ 
# TERSE LIGHT CURVE OUTPUT: 
#
NOBS: 7 
NVAR: 5 
VARLIST:  MJD  FLT FIELD   FLUXCAL   FLUXCALERR   
OBS:  56344.992  g NULL   1.082e+02   4.850e+00  
OBS:  56345.000  r NULL   8.744e+01   2.499e+00  
OBS:  56345.016  i NULL   6.291e+01   3.656e+00  
OBS:  56345.992  z NULL   5.193e+01   3.827e+00  
OBS:  56349.996  g NULL   1.222e+02   4.656e+00  
OBS:  56350.004  r NULL   9.850e+01   2.785e+00  
DETECTION:  6 MJDs satisfy g+r+i+z 
OBS:  56350.996  i NULL   8.325e+01   3.412e+00  
END: 
