SURVEY: DES   
SNID:   141895   
IAUC:    UNKNOWN 
SNTYPE:  -9 
FILTERS: griz 
RA:      34.500000  deg 
DECL:    -5.500000  deg 
FAKE:    3   (=> BLIND-TEST simulation) 
MWEBV:   0.0227    MW E(B-V) 
REDSHIFT_SPEC:    -9.0000 +-  9.0000  
 
HOST_GALAXY_GALID:   19775 
HOST_GALAXY_PHOTO-Z:   0.2715  +- 0.0426  




# ============================================ 
# TERSE LIGHT CURVE OUTPUT: 
#
NOBS: 7 
NVAR: 5 
VARLIST:  MJD  FLT FIELD   FLUXCAL   FLUXCALERR   
OBS:  56344.992  g NULL   1.993e+01   4.361e+00  
OBS:  56345.000  r NULL   2.878e+01   1.949e+00  
OBS:  56345.016  i NULL   3.442e+01   3.516e+00  
OBS:  56345.992  z NULL   3.426e+01   3.756e+00  
OBS:  56349.996  g NULL   3.796e+01   4.058e+00  
OBS:  56350.004  r NULL   5.995e+01   2.363e+00  
DETECTION:  6 MJDs satisfy g+r+i+z 
OBS:  56350.996  i NULL   7.250e+01   3.324e+00  
END: 
